10.500000 
4.500000 
8.750000

9.250000 
4.500000 
7.500000

9.500000 
4.250000 
7.500000


10.500000 
4.500000 
8.750000

10.500000 
4.250000 
8.500000

9.500000 
4.250000 
7.500000


9.250000 
4.500000 
7.500000

9.500000 
4.250000 
7.500000

10.500000 
4.250000 
6.500000


9.250000 
4.500000 
7.500000

10.500000 
4.500000 
6.250000

10.500000 
4.250000 
6.500000


9.500000 
4.750000 
7.500000

10.500000 
4.500000 
6.250000

10.500000 
4.750000 
6.500000


9.250000 
4.500000 
7.500000

9.500000 
4.750000 
7.500000

10.500000 
4.500000 
6.250000


11.750000 
4.500000 
7.500000

10.500000 
4.500000 
6.250000

10.500000 
4.750000 
6.500000


11.750000 
4.500000 
7.500000

11.500000 
4.750000 
7.500000

10.500000 
4.750000 
6.500000


11.750000 
4.500000 
7.500000

11.500000 
4.250000 
7.500000

10.500000 
4.500000 
6.250000


11.500000 
4.250000 
7.500000

10.500000 
4.500000 
6.250000

10.500000 
4.250000 
6.500000


11.750000 
4.500000 
7.500000

11.500000 
4.250000 
7.500000

10.500000 
4.250000 
8.500000


11.750000 
4.500000 
7.500000

11.500000 
4.750000 
7.500000

10.500000 
4.500000 
8.750000


11.750000 
4.500000 
7.500000

10.500000 
4.500000 
8.750000

10.500000 
4.250000 
8.500000


11.500000 
4.750000 
7.500000

10.500000 
4.500000 
8.750000

10.500000 
4.750000 
8.500000


10.500000 
4.500000 
8.750000

10.500000 
4.750000 
8.500000

9.250000 
4.500000 
7.500000


10.500000 
4.750000 
8.500000

9.250000 
4.500000 
7.500000

9.500000 
4.750000 
7.500000


9.750000 
4.500000 
7.500000

9.500000 
4.250000 
7.500000

10.500000 
4.500000 
6.750000


9.500000 
4.250000 
7.500000

10.500000 
4.500000 
6.750000

10.500000 
4.250000 
6.500000


10.500000 
4.250000 
8.500000

9.750000 
4.500000 
7.500000

9.500000 
4.250000 
7.500000


10.500000 
4.500000 
8.250000

10.500000 
4.250000 
8.500000

9.750000 
.500000 
7.500000


11.250000 
4.500000 
7.500000

11.500000 
4.250000 
7.500000

10.500000 
4.500000 
6.750000


11.500000 
4.250000 
7.500000

10.500000 
4.500000 
6.750000

10.500000 
4.250000 
6.500000


11.500000 
4.250000 
7.500000

10.500000 
4.500000 
8.250000

10.500000 
4.250000 
8.500000


11.250000 
4.500000 
7.500000

11.500000 
4.250000 
7.500000

10.500000 
4.500000 
8.250000


11.500000 
4.750000 
7.500000

11.250000 
4.500000 
7.500000

10.500000 
4.500000 
6.750000


11.500000 
4.750000 
7.500000

10.500000 
4.750000 
6.500000

10.500000 
4.500000 
6.750000


11.500000 
4.750000 
7.500000

10.500000 
4.750000 
8.500000

10.500000 
4.500000 
8.250000


11.500000 
4.750000 
7.500000

11.250000 
4.500000 
7.500000

10.500000 
4.500000 
8.250000


10.500000 
4.750000 
8.500000

10.500000 
4.500000 
8.250000

9.500000 
4.750000 
7.500000


10.500000 
4.500000 
8.250000

9.500000 
4.750000 
7.500000

9.750000 
4.500000 
7.500000


9.500000 
4.750000 
7.500000

10.500000 
4.750000 
6.500000

10.500000 
4.500000 
6.750000


9.500000 
4.750000 
7.500000

9.750000 
4.500000 
7.500000

10.500000 
4.500000 
6.750000