7.990050
5.065288
10.546443

7.769020
5.306381
10.639055

7.607603
5.137744
10.663713


7.769020
5.306381
10.639055

7.917268
5.291793
10.842855

7.607603
5.137744
10.663713


7.607603
5.137744
10.663713

7.656250
5.148438
10.937500

7.917268
5.291793
10.842855


7.656250
5.148438
10.937500

7.964791
5.044234
10.913322

7.917268
5.291793
10.842855


7.964791
5.044234
10.913322

7.917268
5.291793
10.842855

8.133637
5.066680
10.742150


7.491644
5.240252
10.931000

7.741798
5.279004
11.243136

7.805112
5.299007
10.898332


7.511766
3.602855
11.041269

7.511402
4.006812
11.492666

8.407532
4.237660
10.930687


7.483379
3.833428
10.308643

7.758663
4.910769
10.171048

8.181055
4.385327
10.405995


8.259053
5.011729
10.544889

8.304609
5.130726
10.902104

8.056169
5.180699
10.761354


8.304609
5.130726
10.902104

7.741798
5.279004
11.243136

7.805112
5.299007
10.898332


7.500547
5.011799
9.488944

7.882455
5.020816
9.552556

7.502554
5.194891
9.682549


7.506655
5.249265
10.315943

8.259053
5.011729
10.544889

7.730334
5.257979
10.629458


7.502131
5.296269
10.191509

7.506655
5.249265
10.315943

7.758663
4.910769
10.171048


7.502554
5.194891
9.682549

7.502131
5.296269
10.191509

7.882455
5.020816
9.552556


7.695227
5.258799
10.801883

7.506655
5.249265
10.315943

7.491644
5.240252
10.931000


7.910277
5.218470
10.584912

8.056169
5.180699
10.761354

8.259053
5.011729
10.544889


7.514384
4.726182
11.548070

7.511402
4.006812
11.492666

8.407532
4.237660
10.930687


7.882455
5.020816
9.552556

7.500547
5.011799
9.488944

7.503112
4.785856
10.004736


7.503112
4.785856
10.004736

7.882455
5.020816
9.552556

7.758663
4.910769
10.171048


8.181055
4.385327
10.405995

8.407532
4.237660
10.930687

8.334826
4.189142
10.534626


8.216762
4.870967
10.928521

7.741798
5.279004
11.243136

7.491644
5.240252
10.931000


8.407532
4.237660
10.930687

8.133789
4.089444
10.442641

8.692457
4.030025
10.540630


8.633079
4.081882
10.885530

8.692457
4.030025
10.540630

8.334826
4.189142
10.534626


8.791716
4.032763
10.969157

8.407532
4.237660
10.930687

8.692457
4.030025
10.540630


7.009950
5.065288
10.546443

7.392397
5.137744
10.663713

7.230980
5.306381
10.639055


7.230980
5.306381
10.639055

7.082732
5.291793
10.842855

7.392397
5.137744
10.663713


7.392397
5.137744
10.663713

7.343750
5.148438
10.937500

7.082732
5.291793
10.842855


7.343750
5.148438
10.937500

7.035209
5.044234
10.913322

7.082732
5.291793
10.842855


7.035209
5.044234
10.913322

7.082732
5.291793
10.842855

6.866363
5.066680
10.742150


7.508356
5.240252
10.931000

7.258202
5.279004
11.243136

7.194888
5.299007
10.898332


7.488234
3.602855
11.041269

7.488598
4.006812
11.492666

6.592469
4.237660
10.930687


7.516621
3.833428
10.308643

7.241337
4.910769
10.171048

6.818944
4.385327
10.405995


6.740946
5.011729
10.544889

6.695391
5.130726
10.902104

6.943831
5.180699
10.761354


6.695391
5.130726
10.902104

7.258202
5.279004
11.243136

7.194888
5.299007
10.898332


7.499453
5.011799
9.488944

7.117545
5.020816
9.552556

7.497446
5.194891
9.682549


7.493345
5.249265
10.315943

6.740946
5.011729
10.544889

7.269666
5.257979
10.629458


7.497869
5.296269
10.191509

7.493345
5.249265
10.315943

7.241337
4.910769
10.171048


7.497446
5.194891
9.682549

7.497869
5.296269
10.191509

7.117545
5.020816
9.552556


7.304773
5.258799
10.801883

7.493345
5.249265
10.315943

7.508356
5.240252
10.931000


7.089723
5.218470
10.584912

6.943831
5.180699
10.761354

6.740946
5.011729
10.544889


7.485616
4.726182
11.548070

7.488598
4.006812
11.492666

6.592469
4.237660
10.930687


7.117545
5.020816
9.552556

7.499453
5.011799
9.488944

7.496888
4.785856
10.004736


7.496888
4.785856
10.004736

7.117545
5.020816
9.552556

7.241337
4.910769
10.171048


6.818944
4.385327
10.405995

6.592469
4.237660
10.930687

6.665174
4.189142
10.534626


6.783238
4.870967
10.928521

7.258202
5.279004
11.243136

7.508356
5.240252
10.931000


6.592469
4.237660
10.930687

6.866211
4.089444
10.442641

6.307543
4.030025
10.540630


6.366921
4.081882
10.885530

6.307543
4.030025
10.540630

6.665174
4.189142
10.534626


6.208284
4.032763
10.969157

6.592469
4.237660
10.930687

6.307543
4.030025
10.540630


8.133637
5.066680
10.742150

7.917268
5.291793
10.842855

7.990050
5.065288
10.546443


7.917268
5.291793
10.842855

7.769020
5.306381
10.639055

7.990050
5.065288
10.546443


7.758663
4.910769
10.171048

7.502131
5.296269
10.191509

7.882455
5.020816
9.552556


7.758663
4.910769
10.171048

7.506655
5.249265
10.315943

8.259053
5.011729
10.544889


7.758663
4.910769
10.171048

7.503112
4.785856
10.004736

7.483379
3.833428
10.308643


7.758663
4.910769
10.171048

8.181055
4.385327
10.405995

8.259053
5.011729
10.544889


7.506655
5.249265
10.315943

7.695227
5.258799
10.801883

7.730334
5.257979
10.629458


8.259053
5.011729
10.544889

7.910277
5.218470
10.584912

7.730334
5.257979
10.629458


8.259053
5.011729
10.544889

8.407532
4.237660
10.930687

8.181055
4.385327
10.405995


8.259053
5.011729
10.544889

8.304609
5.130726
10.902104

8.216762
4.870967
10.928521


8.259053
5.011729
10.544889

8.407532
4.237660
10.930687

8.216762
4.870967
10.928521


7.741798
5.279004
11.243136

8.304609
5.130726
10.902104

8.216762
4.870967
10.928521


8.304609
5.130726
10.902104

8.056169
5.180699
10.761354

7.805112
5.299007
10.898332


7.805112
5.299007
10.898332

7.491644
5.240252
10.931000

7.695227
5.258799
10.801883


7.491644
5.240252
10.931000

7.514384
4.726182
11.548070

8.216762
4.870967
10.928521


8.216762
4.870967
10.928521

8.407532
4.237660
10.930687

7.514384
4.726182
11.548070


8.181055
4.385327
10.405995

7.483379
3.833428
10.308643

8.133789
4.089444
10.442641


8.181055
4.385327
10.405995

8.692457
4.030025
10.540630

8.133789
4.089444
10.442641


8.181055
4.385327
10.405995

8.334826
4.189142
10.534626

8.692457
4.030025
10.540630


7.483379
3.833428
10.308643

7.511766
3.602855
11.041269

8.133789
4.089444
10.442641


8.407532
4.237660
10.930687

8.633079
4.081882
10.885530

8.791716
4.032763
10.969157


8.407532
4.237660
10.930687

8.133789
4.089444
10.442641

7.511766
3.602855
11.041269


8.407532
4.237660
10.930687

8.334826
4.189142
10.534626

8.633079
4.081882
10.885530


8.633079
4.081882
10.885530

8.791716
4.032763
10.969157

8.692457
4.030025
10.540630


6.866363
5.066680
10.742150

7.082732
5.291793
10.842855

7.009950
5.065288
10.546443


7.082732
5.291793
10.842855

7.230980
5.306381
10.639055

7.009950
5.065288
10.546443


7.241337
4.910769
10.171048

7.497869
5.296269
10.191509

7.117545
5.020816
9.552556


7.241337
4.910769
10.171048

7.493345
5.249265
10.315943

6.740946
5.011729
10.544889


7.241337
4.910769
10.171048

7.496888
4.785856
10.004736

7.516621
3.833428
10.308643


7.241337
4.910769
10.171048

6.818944
4.385327
10.405995

6.740946
5.011729
10.544889


7.493345
5.249265
10.315943

7.304773
5.258799
10.801883

7.269666
5.257979
10.629458


6.740946
5.011729
10.544889

7.089723
5.218470
10.584912

7.269666
5.257979
10.629458


6.740946
5.011729
10.544889

6.592469
4.237660
10.930687

6.818944
4.385327
10.405995


6.740946
5.011729
10.544889

6.695391
5.130726
10.902104

6.783238
4.870967
10.928521


6.740946
5.011729
10.544889

6.592469
4.237660
10.930687

6.783238
4.870967
10.928521


7.258202
5.279004
11.243136

6.695391
5.130726
10.902104

6.783238
4.870967
10.928521


6.695391
5.130726
10.902104

6.943831
5.180699
10.761354

7.194888
5.299007
10.898332


7.194888
5.299007
10.898332

7.508356
5.240252
10.931000

7.304773
5.258799
10.801883


7.508356
5.240252
10.931000

7.485616
4.726182
11.548070

6.783238
4.870967
10.928521


6.783238
4.870967
10.928521

6.592469
4.237660
10.930687

7.485616
4.726182
11.548070


6.818944
4.385327
10.405995

7.516621
3.833428
10.308643

6.866211
4.089444
10.442641


6.818944
4.385327
10.405995

6.307543
4.030025
10.540630

6.866211
4.089444
10.442641


6.818944
4.385327
10.405995

6.665174
4.189142
10.534626

6.307543
4.030025
10.540630


7.516621
3.833428
10.308643

7.488234
3.602855
11.041269

6.866211
4.089444
10.442641


6.592469
4.237660
10.930687

6.366921
4.081882
10.885530

6.208284
4.032763
10.969157


6.592469
4.237660
10.930687

6.866211
4.089444
10.442641

7.488234
3.602855
11.041269


6.592469
4.237660
10.930687

6.665174
4.189142
10.534626

6.366921
4.081882
10.885530


6.366921
4.081882
10.885530

6.208284
4.032763
10.969157

6.307543
4.030025
10.540630